1.9583 0.2583 1
3.7933 0.9691 1
0.5044 0.5870 1
1.9772 0.8035 1
-2.1822 -1.1836 1
2.2983 0.8416 1
-1.1351 -0.5388 1
-0.6739 -0.7863 1
1.3683 0.4702 1
-0.8143 -0.7993 1
-4.3592 -1.4266 1
-3.9704 -1.4297 1
-2.7703 -1.3603 1
1.0924 0.6387 1
-0.9962 -0.8721 1
-0.6645 -0.6041 1
-2.1509 -1.2414 1
3.7565 1.7056 1
-0.4836 -0.1774 1
-1.6131 -1.7539 1
0.5169 -0.2967 1
-3.1436 -1.5931 1
-1.0444 -0.5573 1
0.1980 -0.1863 1
4.1794 2.1210 1
0.5975 0.9366 1
0.6269 0.7970 1
1.5572 0.8656 1
2.0793 1.4539 1
-1.0709 0.1679 1
0.7138 0.5956 1
-3.3896 -0.3893 1
0.9492 0.2702 1
-2.2644 -0.7790 1
-0.3241 -0.3775 1
0.4122 -0.1597 1
-1.6912 -1.2349 1
2.5533 0.6840 1
-1.0310 -1.1143 1
-1.2639 -0.6958 1
1.3564 0.2039 1
2.6372 1.9410 1
0.3549 0.4289 1
-2.1053 -1.9137 1
2.0837 1.5012 1
-1.5085 -0.9225 1
-4.0507 -2.5528 1
-1.9876 -0.5649 1
3.0835 1.9558 1
4.1193 1.9043 1
0.4312 0.3960 1
0.1849 -0.3420 1
-3.5603 -1.5919 1
-3.5931 -1.5789 1
1.5000 0.5158 1
-0.4994 0.1740 1
-1.5610 -1.0706 1
-1.0445 -0.6137 1
-0.9455 -0.6376 1
-0.2482 0.1132 1
-2.1857 -0.2657 1
0.4181 1.1135 1
0.5566 1.3384 1
1.6505 0.1723 1
-1.0046 -0.8121 1
3.1777 2.3736 1
-0.6629 -0.0840 1
1.0736 0.1651 1
-0.9148 0.3493 1
3.4147 0.6328 1
-0.9535 -0.6496 1
1.8563 0.2949 1
-0.7128 0.2865 1
1.8898 1.8340 1
2.1823 1.3183 1
-0.3195 0.6529 1
-0.6680 0.5397 1
-1.1241 -0.1108 1
-0.3816 -0.4301 1
-0.8651 0.1106 1
-3.7606 -1.4244 1
-0.5428 -0.8207 1
0.5828 -0.0465 1
-1.5055 0.1481 1
-1.2880 -1.1545 1
-1.2137 -0.3452 1
-0.0799 -0.4350 1
-1.6369 -0.4007 1
-2.4898 -1.5766 1
3.0865 0.6498 1
-1.1148 -0.3570 1
1.0833 -0.0064 1
-2.3438 -0.3064 1
3.9528 1.9544 1
0.0185 -0.1719 1
2.3298 0.8076 1
1.5425 -0.3971 1
-0.0166 -0.0126 1
0.6296 1.4180 1
-1.2441 -0.3666 1
0.2261 -0.4435 1
1.7117 0.9038 1
-1.0710 -0.0713 1
-1.1397 -1.1812 1
-0.4097 0.1034 1
1.5209 1.3987 1
-1.9702 -0.7172 1
-2.1021 -1.0517 1
-0.5818 -0.7816 1
-0.5297 -0.1882 1
1.3803 0.0541 1
2.1548 0.7409 1
-2.1331 -1.1260 1
-0.7798 4.3206 2
0.1474 3.8730 2
0.6601 3.4392 2
-0.1164 4.8240 2
0.6177 3.8467 2
-0.1217 3.6130 2
-0.3163 3.3229 2
-0.6192 3.8370 2
0.5354 4.7766 2
-0.6479 4.3141 2
-0.1631 3.4862 2
-0.3896 3.8990 2
-0.3866 4.4305 2
-0.1418 4.7791 2
0.0717 3.9352 2
0.1180 3.5911 2
-0.4222 4.1443 2
0.1704 3.4343 2
0.2575 4.4407 2
-0.0701 3.5279 2
-0.1136 3.6892 2
-0.6046 3.0045 2
0.1552 3.5240 2
0.8231 4.1290 2
0.3746 4.5991 2
-0.0575 4.5545 2
0.2882 3.1937 2
0.0925 3.8217 2
0.2864 3.9957 2
0.0616 3.9927 2
0.0048 4.1085 2
0.7949 4.0901 2
0.0616 3.7397 2
0.3192 3.8802 2
0.3890 3.6535 2
0.6635 3.6575 2
-0.0778 4.4663 2
0.3142 3.3957 2
0.0328 3.8196 2
-0.2415 3.4088 2
-0.0511 4.3223 2
0.3022 3.4556 2
-0.3736 3.1508 2
0.7916 3.3548 2
0.9419 4.2728 2
-0.3645 5.0677 2
-0.1735 3.7116 2
0.2308 4.4126 2
0.2014 4.8066 2
0.6925 4.6080 2
-0.0357 4.8070 2
0.7971 3.7000 2
-0.4175 4.5200 2
0.0402 3.8778 2
0.1617 3.2575 2
-0.4834 3.8219 2
0.0296 4.1773 2
-0.1326 4.9175 2
0.4288 4.4488 2
0.2728 4.1262 2
0.9269 4.4920 2
0.4980 3.7427 2
0.0514 3.3447 2
-0.9592 3.6563 2
-0.0655 3.4073 2
-0.3843 4.4912 2
1.1950 3.9323 2
0.0386 3.4050 2
0.1878 3.8963 2
0.1978 3.5772 2
-0.0562 3.8429 2
-0.9145 4.7121 2
1.0457 4.7457 2
0.1795 3.6280 2
-0.3972 3.8128 2
-0.1137 4.2121 2
0.7969 4.0571 2
0.0776 3.7445 2
0.0893 4.5112 2
-0.1689 3.2904 2
-0.7625 5.2733 2
-0.3547 3.8210 2
-0.4333 4.2007 2
0.0357 3.6469 2
0.0778 3.4897 2
-0.0911 4.5670 2
0.3655 4.0193 2
-0.1738 4.1155 2
0.1172 4.0629 2
-0.4339 4.3481 2
-0.4913 4.8697 2
-0.1468 4.3327 2
0.4122 4.3438 2
0.0971 4.6195 2
0.1488 4.4493 2
-0.3551 3.4250 2
-0.3438 3.8679 2
0.2864 3.1874 2
0.2226 4.2908 2
-0.6630 4.9512 2
-0.7499 4.7900 2
0.5080 4.4605 2
-0.0138 3.5310 2
-0.0802 3.6314 2
0.1894 4.0899 2
-0.0536 3.9341 2
-1.1582 -0.7817 1
1.8881 0.8253 1
-0.7231 0.0580 1
-1.2319 -0.5097 1
-0.5138 -0.6227 1
1.8566 1.6507 1   
-2.5129 -2.5359 1